P 7 362
P 73 513
P 118 89
P 214 267
P 240 416
P 305 544
P 350 120
P 369 366
P 415 495
P 480 375
P 481 56
P 513 162
E -100000 -40459 71 229
E -100000 44163 118 403
E -13102 100000 187 522
E -8798 -100000 274 -199
E 71 229 129 356
E 71 229 228 144
E 118 403 129 356
E 118 403 187 522
E 129 356 281 329
E 187 522 328 450
E 228 144 274 -199
E 228 144 336 244
E 274 -199 434 127
E 281 329 328 450
E 281 329 336 244
E 328 450 330 451
E 330 451 418 420
E 330 451 44674 100000
E 336 244 405 239
E 405 239 432 258
E 405 239 434 127
E 418 420 432 258
E 418 420 100000 54359
E 432 258 100000 15684
E 434 127 100000 -29929
