5
107 243
187 407
171 98
562 192
502 448
####
5
80 253
162 403
164 141
482 178
448 465
####
8
46 185
35 427
182 286
160 528
308 216
297 446
459 284
529 110
####
8
56 246
68 437
231 240
241 371
344 288
383 494
532 176
572 368
####
10
40 205
66 399
142 63
201 258
422 106
380 370
528 324
491 515
204 555
268 170
####
11
149 465
57 365
25 174
248 105
156 321
118 47
525 73
513 389
383 251
305 538
552 517
####
12
155 479
368 303
149 260
175 94
39 71
460 32
543 187
229 118
458 368
552 456
393 549
46 352
####
13
489 546
548 412
293 499
366 381
400 475
509 285
395 226
546 126
455 87
287 72
77 62
125 293
113 467
####
14
47 288
88 164
254 55
513 142
248 195
371 220
194 389
396 373
522 344
513 474
301 504
62 519
68 420
240 301
####
15
483 434
214 529
106 422
355 414
353 521
562 218
354 224
108 353
37 183
110 99
196 80
249 292
131 233
481 265
509 65
####
16
446 178
498 311
515 145
516 47
263 85
155 176
439 131
228 390
16 462
171 507
415 494
545 533
158 352
35 155
115 43
77 253
####
17
484 527
524 459
536 566
212 563
320 454
359 550
468 365
360 329
198 338
65 482
79 543
219 435
74 237
155 107
91 73
362 62
502 81
####
18
318 496
506 448
490 550
473 332
387 402
91 255
397 191
261 303
152 415
74 505
195 565
272 427
148 128
70 47
334 42
273 167
515 56
552 249
####
19
490 199
521 399
537 144
336 106
256 274
380 270
222 139
196 40
113 46
47 102
151 209
78 326
287 421
89 490
130 433
216 532
342 520
462 548
401 379
######
20
494 67
521 276
563 128
187 292
226 107
326 269
385 85
261 202
51 104
71 45
174 17
70 309
196 429
539 384
564 508
369 549
354 418
34 587
67 442
219 545
###
19
421 145
431 346
531 58
294 150
311 40
79 185
87 74
248 106
155 354
189 237
80 386
22 293
89 496
329 469
352 331
246 518
521 530
554 403
404 585
#####
20
549 564
562 428
384 549
495 487
527 316
563 134
558 32
396 52
472 14
482 117
453 291
318 180
250 33
102 59
182 11
181 161
31 113
63 214
136 388
73 538
